0.000000 0.000000 0.000000
0.250000 0.000000 0.000000
0.500000 0.000000 0.000000
0.750000 0.000000 0.000000
1.000000 0.000000 0.000000
1.250000 0.000000 0.000000
1.500000 0.000000 0.000000
1.750000 -0.000124 -0.000959
2.000000 -0.000560 -0.002304
2.250000 -0.001304 -0.003935
2.500000 -0.002396 -0.004400
2.750000 -0.002874 -0.000969
3.000000 -0.003089 -0.000662
3.250000 -0.003238 -0.000504
3.500000 -0.003307 -0.000246
3.750000 -0.003329 0.000087
4.000000 -0.003251 0.000334
4.250000 -0.003048 0.001287
4.500000 -0.002452 0.004687
4.750000 -0.001508 0.000365
5.000000 -0.001502 -0.000000
5.250000 -0.001502 -0.000001
5.500000 -0.001502 -0.000001
5.750000 -0.001502 -0.000001
6.000000 -0.001502 -0.000001
6.250000 -0.001503 -0.000001
6.500000 -0.001503 -0.000002
6.750000 -0.001504 -0.000002
7.000000 -0.001504 -0.000003
7.250000 -0.001505 -0.000004
7.500000 -0.001506 -0.000004
7.750000 -0.001507 -0.000005
8.000000 -0.001508 -0.000006
8.250000 -0.001510 -0.000006
8.500000 -0.001511 -0.000005
8.750000 -0.001513 -0.000005
9.000000 -0.001514 -0.000004
9.250000 -0.001515 -0.000004
9.500000 -0.001516 -0.000003
9.750000 -0.001516 -0.000002
10.000000 -0.001516 -0.000001
