0.000000 0.005590
0.017453 0.005590
0.034907 0.005590
0.052360 0.005590
0.069813 0.005590
0.087266 0.005590
0.104720 0.005590
0.122173 0.005590
0.139626 0.005590
0.157080 0.005590
0.174533 0.005590
0.191986 0.005590
0.209440 0.005590
0.226893 0.005590
0.244346 0.005590
0.261799 0.005590
0.279253 0.005590
0.296706 0.005590
0.314159 0.005590
0.331613 0.005590
0.349066 0.005590
0.366519 0.005590
0.383972 0.005590
0.401426 0.005590
0.418879 0.005590
0.436332 0.005590
0.453786 0.005590
0.471239 0.005590
0.488692 0.005590
0.506145 0.005590
0.523599 0.005590
0.541052 0.005590
0.558505 0.005590
0.575959 0.005590
0.593412 0.005590
0.610865 0.005590
0.628319 0.005590
0.645772 0.005590
0.663225 0.005590
0.680678 0.005590
0.698132 0.005590
0.715585 0.005590
0.733038 0.005590
0.750492 0.005590
0.767945 0.005590
0.785398 0.005590
0.802851 0.005590
0.820305 0.005590
0.837758 0.005590
0.855211 0.005590
0.872665 0.005590
0.890118 0.005590
0.907571 0.005590
0.925025 0.005590
0.942478 0.005590
0.959931 0.005590
0.977384 0.005590
0.994838 0.005590
1.012291 0.005590
1.029744 0.005590
1.047198 0.005590
1.064651 0.005590
1.082104 0.005590
1.099557 0.005590
1.117011 0.005590
1.134464 0.005590
1.151917 0.005591
1.169371 0.005591
1.186824 0.005591
1.204277 0.005591
1.221730 0.005591
1.239184 0.005591
1.256637 0.005591
1.274090 0.005588
1.291544 0.005588
1.308997 0.005587
1.326450 0.005587
1.343904 0.005586
1.361357 0.005587
1.378810 0.005587
1.396263 0.005589
1.413717 0.005589
1.431170 0.005598
1.448623 0.005598
1.466077 0.005601
1.483530 0.005601
1.500983 0.005600
1.518436 0.005600
1.535890 0.005593
1.553343 0.005593
1.570796 0.005582
1.588250 0.005582
1.605703 0.005568
1.623156 0.005568
1.640609 0.005557
1.658063 0.005557
1.675516 0.005559
1.692969 0.005559
1.710423 0.005557
1.727876 0.005557
1.745329 0.005575
1.762783 0.005575
1.780236 0.005614
1.797689 0.005659
1.815142 0.005659
1.832596 0.005683
1.850049 0.005683
1.867502 0.005682
1.884956 0.005682
1.902409 0.005660
1.919862 0.005660
1.937315 0.005660
1.954769 0.005662
1.972222 0.005662
1.989675 0.005582
2.007129 0.005582
2.024582 0.005452
2.042035 0.005580
2.059489 0.005447
2.076942 0.005447
2.094395 0.005281
2.111848 0.005437
2.129302 0.005266
2.146755 0.005266
2.164208 0.005422
2.181662 0.005247
2.199115 0.005247
2.216568 0.005057
2.234021 0.005221
2.251475 0.005028
2.268928 0.005028
2.286381 0.005190
2.303835 0.004994
2.321288 0.004994
2.338741 0.004955
2.356194 0.004955
2.373648 0.005111
2.391101 0.004910
2.408554 0.004910
2.426008 0.005063
2.443461 0.004861
2.460914 0.005010
2.478368 0.005010
2.495821 0.004807
2.513274 0.004952
2.530727 0.004952
2.548181 0.004890
2.565634 0.004890
2.583087 0.005031
2.600541 0.005031
2.617994 0.004823
2.635447 0.004960
2.652900 0.004960
2.670354 0.005095
2.687807 0.004884
2.705260 0.005015
2.722714 0.005015
2.740167 0.005143
2.757620 0.005143
2.775074 0.005055
2.792527 0.005055
2.809980 0.005175
2.827433 0.005175
2.844887 0.005289
2.862340 0.005289
2.879793 0.005189
2.897247 0.005189
2.914700 0.005293
2.932153 0.005293
2.949606 0.005386
2.967060 0.005386
2.984513 0.005467
3.001966 0.005467
3.019420 0.005534
3.036873 0.005534
3.054326 0.005583
3.071779 0.005583
3.089233 0.005614
3.106686 0.005614
3.124139 0.005624
