0.033333 0.000000
0.066667 0.052164
0.100000 0.018287
0.133333 0.009588
0.166667 0.043737
0.200000 0.040541
0.233333 0.037010
0.266667 0.011000
0.300000 0.033257
0.333333 0.027345
0.366667 0.018437
0.400000 0.016078
0.433333 0.017022
0.466667 0.010908
0.500000 0.023186
0.533333 0.017550
0.566667 0.020662
0.600000 0.009880
0.633333 0.037092
0.666667 0.030896
0.700000 0.039194
0.733333 0.033166
0.766667 0.009372
0.800000 0.017200
0.833333 0.042169
0.866667 0.010336
0.900000 0.019115
0.933333 0.004600
0.966667 0.022107
1.000000 0.012710
1.033333 0.056750
1.066667 0.020818
1.100000 0.017453
1.133333 0.028941
1.166667 0.016504
1.200000 0.058931
1.233333 0.034893
1.266667 0.050782
1.300000 0.047008
1.333333 0.055423
1.366667 0.036123
1.400000 0.054019
1.433333 0.035565
1.466667 0.016212
1.500000 0.026919
1.533333 0.028372
1.566667 0.010336
1.600000 0.030544
1.633333 0.056244
1.666667 0.027910
1.700000 0.033001
1.733333 0.036440
1.766667 0.026180
1.800000 0.040009
1.833333 0.014027
1.866667 0.014945
1.900000 0.044675
1.933333 0.036001
1.966667 0.022684
2.000000 0.036175
2.033333 0.027479
2.066667 0.024016
2.100000 0.019179
2.133333 0.039454
2.166667 0.020302
2.200000 0.044109
2.233333 0.024737
2.266667 0.022998
2.300000 0.013799
2.333333 0.013265
2.366667 0.014337
2.400000 0.020302
2.433333 0.044468
2.466667 0.002182
2.500000 0.062872
2.533333 0.006545
2.566667 0.025191
2.600000 0.024116
2.633333 0.006939
2.666667 0.064508
2.700000 0.031923
2.733333 0.029078
2.766667 0.019752
2.800000 0.058564
2.833333 0.013799
2.866667 0.027912
2.900000 0.023314
2.933333 0.032150
2.966667 0.057527
3.000000 0.048819
3.033333 0.041418
3.066667 0.026924
3.100000 0.020451
3.133333 0.043253
3.166667 0.022581
3.200000 0.009218
3.233333 0.045135
3.266667 0.016153
3.300000 0.023862
3.333333 0.022551
3.366667 0.046128
3.400000 0.034879
3.433333 0.033117
3.466667 0.014027
3.500000 0.037368
3.533333 0.021287
3.566667 0.023186
3.600000 0.053239
3.633333 0.022887
3.666667 0.010590
3.700000 0.022122
3.733333 0.029033
3.766667 0.035496
3.800000 0.015973
3.833333 0.023576
3.866667 0.018084
3.900000 0.015400
3.933333 0.010000
3.966667 0.015226
4.000000 0.026015
4.033333 0.032096
4.066667 0.010049
4.100000 0.028212
4.133333 0.022613
4.166667 0.026476
4.200000 0.052427
4.233333 0.027502
4.266667 0.025978
4.300000 0.023534
4.333333 0.004600
4.366667 0.013511
4.400000 0.049225
4.433333 0.018653
4.466667 0.040090
4.500000 0.033924
4.533333 0.025979
4.566667 0.039155
4.600000 0.041245
4.633333 0.024459
4.666667 0.065841
4.700000 0.040141
4.733333 0.023027
4.766667 0.015652
4.800000 0.048033
4.833333 0.027981
4.866667 0.040335
4.900000 0.038184
4.933333 0.003627
4.966667 0.043525
5.000000 0.046513
5.033333 0.042809
5.066667 0.046431
5.100000 0.016388
5.133333 0.018287
5.166667 0.031012
5.200000 0.007591
5.233333 0.022155
5.266667 0.055825
5.300000 0.056736
5.333333 0.047448
5.366667 0.030696
5.400000 0.069215
5.433333 0.002800
5.466667 0.010389
5.500000 0.018799
5.533333 0.007820
5.566667 0.030654
5.600000 0.022428
5.633333 0.012529
5.666667 0.073152
5.700000 0.044215
5.733333 0.050179
5.766667 0.050726
5.800000 0.074519
5.833333 0.056772
5.866667 0.024059
5.900000 0.025954
5.933333 0.029999
5.966667 0.033535
6.000000 0.026048
6.033333 0.036621
6.066667 0.019635
6.100000 0.072437
6.133333 0.048602
6.166667 0.047317
6.200000 0.050748
6.233333 0.020076
6.266667 0.009042
6.300000 0.025136
6.333333 0.047250
6.366667 0.021014
6.400000 0.024287
6.433333 0.019280
6.466667 0.043371
6.500000 0.035605
6.533333 0.045263
6.566667 0.034365
6.600000 0.036986
6.633333 0.013090
6.666667 0.047244
6.700000 0.006545
6.733333 0.028180
6.766667 0.042886
6.800000 0.020271
6.833333 0.017476
6.866667 0.054536
6.900000 0.008399
6.933333 0.011714
6.966667 0.029827
7.000000 0.033510
7.033333 0.029308
7.066667 0.044353
7.100000 0.077806
7.133333 0.072852
7.166667 0.059970
7.200000 0.025389
7.233333 0.071453
7.266667 0.055645
7.300000 0.009652
7.333333 0.060756
7.366667 0.039212
7.400000 0.059100
7.433333 0.059623
7.466667 0.071142
7.500000 0.051184
7.533333 0.054573
7.566667 0.059519
7.600000 0.063969
7.633333 0.050714
7.666667 0.056959
7.700000 0.072903
7.733333 0.062895
7.766667 0.089074
7.800000 0.035496
7.833333 0.050785
7.866667 0.064450
7.900000 0.075724
7.933333 0.059498
7.966667 0.045263
8.000000 0.053627
8.033333 0.089038
8.066667 0.065023
8.100000 0.072337
8.133333 0.069351
8.166667 0.101684
8.200000 0.061599
8.233333 0.086860
8.266667 0.087279
8.300000 0.092004
8.333333 0.090086
8.366667 0.056382
8.400000 0.079077
8.433333 0.101454
8.466667 0.081789
8.500000 0.109689
8.533333 0.112965
8.566667 0.063954
8.600000 0.144066
8.633333 0.103033
8.666667 0.091267
8.700000 0.129026
8.733333 0.074739
8.766667 0.106129
8.800000 0.122448
8.833333 0.073577
8.866667 0.139380
8.900000 0.082067
8.933333 0.127360
8.966667 0.118997
9.000000 0.119760
9.033333 0.145826
9.066667 0.167436
9.100000 0.171713
9.133333 0.153410
9.166667 0.229855
9.200000 0.206537
9.233333 0.234743
9.266667 0.219254
9.300000 0.209614
9.333333 0.189321
9.366667 0.213480
9.400000 0.249714
9.433333 0.151659
9.466667 0.191727
9.500000 0.195173
9.533333 0.157520
9.566667 0.135441
9.600000 0.181235
9.633333 0.191110
9.666667 0.125224
9.700000 0.188454
9.733333 0.123021
9.766667 0.135747
9.800000 0.089396
9.833333 0.119343
9.866667 0.124517
9.900000 0.122795
9.933333 0.123788
9.966667 0.167006
10.000000 0.204047
10.033333 0.109557
10.066667 0.124687
10.100000 0.132632
10.133333 0.100998
10.166667 0.048504
10.200000 0.078582
10.233333 0.092655
10.266667 0.115000
10.300000 0.098504
10.333333 0.102802
10.366667 0.085641
10.400000 0.105177
10.433333 0.124592
10.466667 0.112054
10.500000 0.105811
10.533333 0.080043
10.566667 0.119204
10.600000 0.121305
10.633333 0.089835
10.666667 0.068729
10.700000 0.092798
10.733333 0.117465
10.766667 0.121012
10.800000 0.142043
10.833333 0.113671
10.866667 0.079005
10.900000 0.122839
10.933333 0.078081
10.966667 0.054860
11.000000 0.060451
11.033333 0.116797
11.066667 0.090715
11.100000 0.091521
11.133333 0.127491
11.166667 0.103733
11.200000 0.086325
11.233333 0.104741
11.266667 0.055527
11.300000 0.103362
11.333333 0.124237
11.366667 0.084350
11.400000 0.097906
11.433333 0.068668
11.466667 0.105139
11.500000 0.079633
11.533333 0.117951
11.566667 0.118565
11.600000 0.118272
11.633333 0.108351
11.666667 0.119467
11.700000 0.108777
11.733333 0.090452
11.766667 0.091990
11.800000 0.092288
11.833333 0.059155
11.866667 0.082384
11.900000 0.092456
11.933333 0.127923
11.966667 0.103954
12.000000 0.071620
12.033333 0.101142
12.066667 0.134508
12.100000 0.096676
12.133333 0.093458
12.166667 0.084739
12.200000 0.089012
12.233333 0.104583
12.266667 0.078436
12.300000 0.101408
12.333333 0.128286
12.366667 0.099934
12.400000 0.064137
12.433333 0.117321
12.466667 0.132102
12.500000 0.076021
12.533333 0.098653
12.566667 0.076230
12.600000 0.112704
12.633333 0.108046
12.666667 0.086823
12.700000 0.113063
12.733333 0.090280
12.766667 0.084828
12.800000 0.118283
12.833333 0.135257
12.866667 0.117492
12.900000 0.079785
12.933333 0.124976
12.966667 0.073609
13.000000 0.112292
13.033333 0.117118
13.066667 0.088927
13.100000 0.095604
13.133333 0.084530
13.166667 0.100670
13.200000 0.084135
13.233333 0.086895
13.266667 0.095452
13.300000 0.077252
13.333333 0.108180
13.366667 0.106735
13.400000 0.102539
13.433333 0.107461
13.466667 0.121301
13.500000 0.086801
13.533333 0.085593
13.566667 0.161967
13.600000 0.104122
13.633333 0.077015
13.666667 0.083976
13.700000 0.065416
13.733333 0.089227
13.766667 0.055194
13.800000 0.095033
13.833333 0.076243
13.866667 0.084448
13.900000 0.099047
13.933333 0.103252
13.966667 0.110569
14.000000 0.085420
14.033333 0.090097
14.066667 0.102687
14.100000 0.114335
14.133333 0.044746
14.166667 0.094395
14.200000 0.095275
14.233333 0.100133
14.266667 0.116668
14.300000 0.103672
14.333333 0.124867
14.366667 0.074629
14.400000 0.138000
14.433333 0.064290
14.466667 0.113111
14.500000 0.080990
14.533333 0.098243
14.566667 0.107763
14.600000 0.063107
14.633333 0.079106
14.666667 0.108898
14.700000 0.121623
14.733333 0.074912
14.766667 0.101190
14.800000 0.096080
14.833333 0.108966
14.866667 0.075638
14.900000 0.106507
14.933333 0.095033
14.966667 0.120841
15.000000 0.037368
15.033333 0.097278
15.066667 0.076258
15.100000 0.089803
15.133333 0.056335
15.166667 0.068587
15.200000 0.089184
15.233333 0.096838
15.266667 0.058789
15.300000 0.093088
15.333333 0.088648
15.366667 0.104978
15.400000 0.114059
15.433333 0.097454
15.466667 0.091167
15.500000 0.094130
15.533333 0.075796
15.566667 0.068391
15.600000 0.061926
15.633333 0.082410
15.666667 0.065151
15.700000 0.102761
15.733333 0.091573
15.766667 0.117256
15.800000 0.084513
15.833333 0.108561
15.866667 0.076622
15.900000 0.060440
15.933333 0.114732
15.966667 0.086742
16.000000 0.127958
16.033333 0.040779
16.066667 0.149862
16.100000 0.028895
16.133333 0.177117
16.166667 0.040978
16.200000 0.173468
16.233333 0.100708
16.266667 0.150283
16.300000 0.139688
16.333333 0.068126
16.366667 0.202491
16.400000 0.044549
16.433333 0.149077
16.466667 0.059088
16.500000 0.130424
16.533333 0.046884
16.566667 0.102936
16.600000 0.087548
16.633333 0.146633
16.666667 0.064299
16.700000 0.122174
16.733333 0.095632
16.766667 0.119459
16.800000 0.102805
16.833333 0.120881
16.866667 0.074792
16.900000 0.110708
16.933333 0.076775
16.966667 0.111048
17.000000 0.076121
17.033333 0.113728
17.066667 0.025741
17.100000 0.154344
17.133333 0.052725
17.166667 0.154035
17.200000 0.030544
17.233333 0.181427
17.266667 0.071199
17.300000 0.142020
17.333333 0.069366
17.366667 0.081880
17.400000 0.115454
17.433333 0.045680
17.466667 0.168198
17.500000 0.013462
17.533333 0.199265
17.566667 0.009876
17.600000 0.183552
17.633333 0.081223
17.666667 0.176771
17.700000 0.110800
17.733333 0.205997
17.766667 0.162233
17.800000 0.164101
17.833333 0.179784
17.866667 0.104592
17.900000 0.195155
17.933333 0.145241
17.966667 0.185749
18.000000 0.134282
18.033333 0.203364
18.066667 0.167920
18.100000 0.178916
18.133333 0.128228
18.166667 0.156757
18.200000 0.147846
18.233333 0.205682
18.266667 0.089094
18.300000 0.194588
18.333333 0.123415
18.366667 0.224136
18.400000 0.140186
18.433333 0.223123
18.466667 0.192713
18.500000 0.179841
18.533333 0.188310
18.566667 0.138469
18.600000 0.230132
18.633333 0.063349
18.666667 0.222708
18.700000 0.080111
18.733333 0.187009
18.766667 0.050779
18.800000 0.159591
18.833333 0.108890
18.866667 0.172622
18.900000 0.190286
18.933333 0.144626
18.966667 0.187930
19.000000 0.171323
19.033333 0.237473
19.066667 0.139347
19.100000 0.210574
19.133333 0.124883
19.166667 0.237117
19.200000 0.033678
19.233333 0.150957
19.266667 0.018785
19.300000 0.082231
19.333333 0.040085
19.366667 0.204716
19.400000 0.424970
19.433333 0.630429
19.466667 0.493283
19.500000 0.342098
19.533333 0.254904
19.566667 0.216622
19.600000 0.168229
19.633333 0.070070
19.666667 0.073047
19.700000 0.030914
19.733333 0.045053
19.766667 0.034924
19.800000 0.101661
19.833333 0.130521
19.866667 0.124177
19.900000 0.062488
19.933333 0.055642
19.966667 0.042149
20.000000 0.003627
20.033333 0.073076
20.066667 0.129438
20.100000 0.151315
20.133333 0.114440
20.166667 0.072756
20.200000 0.079525
20.233333 0.027196
20.266667 0.083968
20.300000 0.090386
20.333333 0.077701
20.366667 0.110713
20.400000 0.077107
20.433333 0.088905
20.466667 0.107255
20.500000 0.081676
20.533333 0.133542
20.566667 0.073872
20.600000 0.155162
20.633333 0.071199
20.666667 0.128862
20.700000 0.075469
20.733333 0.124051
20.766667 0.101081
20.800000 0.127100
20.833333 0.142261
20.866667 0.112512
20.900000 0.117330
20.933333 0.088910
20.966667 0.098302
21.000000 0.064924
21.033333 0.094219
21.066667 0.036271
21.100000 0.071633
21.133333 0.064208
21.166667 0.110811
21.200000 0.105889
21.233333 0.099334
21.266667 0.065118
21.300000 0.119157
21.333333 0.052378
21.366667 0.089288
21.400000 0.075909
21.433333 0.098501
21.466667 0.060493
21.500000 0.141257
21.533333 0.065582
21.566667 0.119207
21.600000 0.078246
21.633333 0.084459
21.666667 0.072960
21.700000 0.073604
21.733333 0.098070
21.766667 0.089138
21.800000 0.089943
21.833333 0.115314
21.866667 0.098966
21.900000 0.091230
21.933333 0.101940
21.966667 0.083737
22.000000 0.104336
22.033333 0.071354
22.066667 0.102215
22.100000 0.033122
22.133333 0.093749
22.166667 0.061130
22.200000 0.119348
22.233333 0.085662
22.266667 0.111994
22.300000 0.059695
22.333333 0.073149
22.366667 0.090695
22.400000 0.094710
22.433333 0.087207
22.466667 0.107494
22.500000 0.054665
22.533333 0.108254
22.566667 0.097660
22.600000 0.081944
22.633333 0.108451
22.666667 0.091018
22.700000 0.094723
22.733333 0.109793
22.766667 0.102841
22.800000 0.115054
22.833333 0.153815
22.866667 0.163006
22.900000 0.150003
22.933333 0.136165
22.966667 0.148629
23.000000 0.114462
23.033333 0.143761
23.066667 0.110271
23.100000 0.114291
23.133333 0.147008
23.166667 0.107338
23.200000 0.122850
23.233333 0.110009
23.266667 0.128698
23.300000 0.116522
23.333333 0.153162
23.366667 0.140170
23.400000 0.142262
23.433333 0.130601
23.466667 0.143714
23.500000 0.115332
23.533333 0.104398
23.566667 0.166428
23.600000 0.116403
23.633333 0.088397
23.666667 0.080890
23.700000 0.098598
23.733333 0.156213
23.766667 0.158498
23.800000 0.147674
23.833333 0.132051
23.866667 0.117502
23.900000 0.146481
23.933333 0.124719
23.966667 0.116403
24.000000 0.158271
24.033333 0.180426
24.066667 0.148439
24.100000 0.125218
24.133333 0.127890
24.166667 0.138612
24.200000 0.120857
24.233333 0.117686
24.266667 0.152066
24.300000 0.144159
24.333333 0.181885
24.366667 0.127739
24.400000 0.170773
24.433333 0.155883
24.466667 0.128834
24.500000 0.120555
24.533333 0.155005
24.566667 0.090277
24.600000 0.120295
24.633333 0.132783
24.666667 0.115406
24.700000 0.136008
24.733333 0.099883
24.766667 0.159155
24.800000 0.156915
24.833333 0.149463
24.866667 0.140917
24.900000 0.115240
24.933333 0.164193
24.966667 0.133811
25.000000 0.122001
25.033333 0.089751
25.066667 0.081187
25.100000 0.097300
25.133333 0.115800
25.166667 0.142600
25.200000 0.115955
25.233333 0.118891
25.266667 0.099096
25.300000 0.122340
25.333333 0.118084
25.366667 0.073567
25.400000 0.095458
25.433333 0.110708
25.466667 0.100133
25.500000 0.080018
25.533333 0.089361
25.566667 0.096251
25.600000 0.096251
25.633333 0.103706
25.666667 0.093988
25.700000 0.114625
25.733333 0.112528
25.766667 0.117075
25.800000 0.106255
25.833333 0.104285
25.866667 0.097991
25.900000 0.087004
25.933333 0.067321
25.966667 0.098800
26.000000 0.115061
26.033333 0.104714
26.066667 0.083787
26.100000 0.094970
26.133333 0.122036
26.166667 0.134602
26.200000 0.089181
26.233333 0.123370
26.266667 0.087185
26.300000 0.086904
26.333333 0.079867
26.366667 0.118260
26.400000 0.106883
26.433333 0.103045
26.466667 0.069087
26.500000 0.095493
26.533333 0.071975
26.566667 0.075110
26.600000 0.084182
26.633333 0.076729
26.666667 0.088692
26.700000 0.084453
26.733333 0.090332
26.766667 0.070323
26.800000 0.117105
26.833333 0.083943
26.866667 0.101594
26.900000 0.121455
26.933333 0.103881
26.966667 0.114239
27.000000 0.122480
27.033333 0.109839
27.066667 0.123366
27.100000 0.072720
27.133333 0.094242
27.166667 0.101992
27.200000 0.118279
27.233333 0.081101
27.266667 0.121669
27.300000 0.078431
27.333333 0.100986
27.366667 0.134841
27.400000 0.116075
27.433333 0.108397
27.466667 0.100151
27.500000 0.118084
27.533333 0.112860
27.566667 0.101957
27.600000 0.079148
27.633333 0.111788
27.666667 0.110675
27.700000 0.119588
27.733333 0.125896
27.766667 0.092953
27.800000 0.128420
27.833333 0.137330
27.866667 0.108671
27.900000 0.098598
27.933333 0.107701
27.966667 0.094183
28.000000 0.107080
28.033333 0.050518
28.066667 0.109025
28.100000 0.087601
28.133333 0.039898
28.166667 0.048738
28.200000 0.081223
28.233333 0.069400
28.266667 0.130689
28.300000 0.090515
28.333333 0.124252
28.366667 0.145367
28.400000 0.094008
28.433333 0.124669
28.466667 0.135151
28.500000 0.105997
28.533333 0.120272
28.566667 0.087888
28.600000 0.093965
28.633333 0.113198
28.666667 0.102996
28.700000 0.112528
28.733333 0.136168
28.766667 0.096012
28.800000 0.087165
28.833333 0.137101
28.866667 0.125515
28.900000 0.109435
28.933333 0.127009
28.966667 0.112789
29.000000 0.129518
29.033333 0.129881
29.066667 0.100893
29.100000 0.134452
29.133333 0.127998
29.166667 0.113890
29.200000 0.104046
29.233333 0.137531
29.266667 0.134675
29.300000 0.147040
29.333333 0.144685
29.366667 0.106124
29.400000 0.075247
29.433333 0.111137
29.466667 0.130140
29.500000 0.107258
29.533333 0.134368
29.566667 0.103280
29.600000 0.132730
29.633333 0.093477
29.666667 0.104701
29.700000 0.109116
29.733333 0.115511
29.766667 0.098070
29.800000 0.109430
29.833333 0.121667
29.866667 0.125500
29.900000 0.110437
29.933333 0.150742
29.966667 0.146692
30.000000 0.124756
30.033333 0.107104
30.066667 0.167677
30.100000 0.105125
30.133333 0.133386
30.166667 0.099413
30.200000 0.136916
30.233333 0.073848
30.266667 0.112494
30.300000 0.088052
30.333333 0.124669
30.366667 0.096968
30.400000 0.132982
30.433333 0.067833
30.466667 0.125613
30.500000 0.063752
30.533333 0.122633
30.566667 0.084766
30.600000 0.116694
30.633333 0.145185
30.666667 0.102534
30.700000 0.179394
30.733333 0.080283
30.766667 0.171401
30.800000 0.097704
30.833333 0.174398
30.866667 0.088311
30.900000 0.164696
30.933333 0.105503
30.966667 0.124455
31.000000 0.134515
31.033333 0.155786
31.066667 0.132397
31.100000 0.112367
31.133333 0.130708
31.166667 0.081171
31.200000 0.145935
31.233333 0.126312
31.266667 0.137675
31.300000 0.130390
31.333333 0.102177
31.366667 0.151066
31.400000 0.116144
31.433333 0.148270
31.466667 0.117157
31.500000 0.103348
31.533333 0.127334
31.566667 0.069056
31.600000 0.138210
31.633333 0.092858
31.666667 0.132416
31.700000 0.094742
31.733333 0.160504
31.766667 0.082839
31.800000 0.108970
31.833333 0.134294
31.866667 0.118193
31.900000 0.173872
31.933333 0.107028
31.966667 0.178463
32.000000 0.105917
32.033333 0.140197
