25 0 0.001192 0.002410
25 1 0.001125 0.002655
25 2 0.001066 0.002981
25 3 0.001018 0.003387
25 4 0.000979 0.003887
25 5 0.000947 0.004499
25 6 0.000921 0.005245
25 7 0.000899 0.006152
25 8 0.000882 0.007253
25 9 0.000867 0.008588
25 10 0.000855 0.010206
25 11 0.000846 0.012164
25 12 0.000838 0.014533
25 13 0.000831 0.017400
25 14 0.000826 0.020869
25 15 0.000821 0.025064
25 16 0.000818 0.030138
25 17 0.000814 0.036275
25 18 0.000812 0.043697
25 19 0.000810 0.052673
25 20 0.000808 0.063528
25 21 0.000807 0.076655
25 22 0.000806 0.092530
25 23 0.000805 0.111728
25 24 0.463439 0.124129
25 25 0.177636 0.004125
25 26 0.001883 0.001864
25 27 0.001863 0.001863
25 28 0.001863 0.001863
25 29 0.001863 0.001863
25 30 0.001863 0.001863
25 31 0.001863 0.001863
25 32 0.001863 0.001863
25 33 0.001863 0.001863
25 34 0.001863 0.001863
25 35 0.001863 0.001863
25 36 0.001863 0.001863
25 37 0.001863 0.001863
25 38 0.001863 0.001863
25 39 0.001863 0.001863
25 40 0.001863 0.001863
25 41 0.001863 0.001863
25 42 0.001863 0.001863
25 43 0.001863 0.001863
25 44 0.001863 0.001863
25 45 0.001863 0.001863
25 46 0.001863 0.001863
25 47 0.001863 0.001863
25 48 0.001863 0.001863
25 49 0.001863 0.001863
25 50 0.001863 0.001863
26 0 0.001192 0.002410
26 1 0.001125 0.002655
26 2 0.001066 0.002981
26 3 0.001018 0.003387
26 4 0.000979 0.003887
26 5 0.000947 0.004499
26 6 0.000921 0.005245
26 7 0.000899 0.006152
26 8 0.000882 0.007253
26 9 0.000867 0.008588
26 10 0.000855 0.010206
26 11 0.000846 0.012164
26 12 0.000838 0.014533
26 13 0.000831 0.017400
26 14 0.000826 0.020869
26 15 0.000821 0.025064
26 16 0.000818 0.030138
26 17 0.000814 0.036275
26 18 0.000812 0.043697
26 19 0.000810 0.052673
26 20 0.000808 0.063528
26 21 0.000807 0.076655
26 22 0.000806 0.092530
26 23 0.000805 0.111728
26 24 0.463439 0.124129
26 25 0.177636 0.004125
26 26 0.001883 0.001864
26 27 0.001863 0.001863
26 28 0.001863 0.001863
26 29 0.001863 0.001863
26 30 0.001863 0.001863
26 31 0.001863 0.001863
26 32 0.001863 0.001863
26 33 0.001863 0.001863
26 34 0.001863 0.001863
26 35 0.001863 0.001863
26 36 0.001863 0.001863
26 37 0.001863 0.001863
26 38 0.001863 0.001863
26 39 0.001863 0.001863
26 40 0.001863 0.001863
26 41 0.001863 0.001863
26 42 0.001863 0.001863
26 43 0.001863 0.001863
26 44 0.001863 0.001863
26 45 0.001863 0.001863
26 46 0.001863 0.001863
26 47 0.001863 0.001863
26 48 0.001863 0.001863
26 49 0.001863 0.001863
26 50 0.001863 0.001863
27 0 0.001192 0.002410
27 1 0.001125 0.002655
27 2 0.001066 0.002981
27 3 0.001018 0.003387
27 4 0.000979 0.003887
27 5 0.000947 0.004499
27 6 0.000921 0.005245
27 7 0.000899 0.006152
27 8 0.000882 0.007253
27 9 0.000867 0.008588
27 10 0.000855 0.010206
27 11 0.000846 0.012164
27 12 0.000838 0.014533
27 13 0.000831 0.017400
27 14 0.000826 0.020869
27 15 0.000821 0.025064
27 16 0.000818 0.030138
27 17 0.000814 0.036275
27 18 0.000812 0.043697
27 19 0.000810 0.052673
27 20 0.000808 0.063528
27 21 0.000807 0.076655
27 22 0.000806 0.092530
27 23 0.000805 0.111728
27 24 0.463439 0.124129
27 25 0.177636 0.004125
27 26 0.001883 0.001864
27 27 0.001863 0.001863
27 28 0.001863 0.001863
27 29 0.001863 0.001863
27 30 0.001863 0.001863
27 31 0.001863 0.001863
27 32 0.001863 0.001863
27 33 0.001863 0.001863
27 34 0.001863 0.001863
27 35 0.001863 0.001863
27 36 0.001863 0.001863
27 37 0.001863 0.001863
27 38 0.001863 0.001863
27 39 0.001863 0.001863
27 40 0.001863 0.001863
27 41 0.001863 0.001863
27 42 0.001863 0.001863
27 43 0.001863 0.001863
27 44 0.001863 0.001863
27 45 0.001863 0.001863
27 46 0.001863 0.001863
27 47 0.001863 0.001863
27 48 0.001863 0.001863
27 49 0.001863 0.001863
27 50 0.001863 0.001863
28 0 0.001192 0.002410
28 1 0.001125 0.002655
28 2 0.001066 0.002981
28 3 0.001018 0.003387
28 4 0.000979 0.003887
28 5 0.000947 0.004499
28 6 0.000921 0.005245
28 7 0.000899 0.006152
28 8 0.000882 0.007253
28 9 0.000867 0.008588
28 10 0.000855 0.010206
28 11 0.000846 0.012164
28 12 0.000838 0.014533
28 13 0.000831 0.017400
28 14 0.000826 0.020869
28 15 0.000821 0.025064
28 16 0.000818 0.030138
28 17 0.000814 0.036275
28 18 0.000812 0.043697
28 19 0.000810 0.052673
28 20 0.000808 0.063528
28 21 0.000807 0.076655
28 22 0.000806 0.092530
28 23 0.000805 0.111728
28 24 0.463439 0.124129
28 25 0.177636 0.004125
28 26 0.001883 0.001864
28 27 0.001863 0.001863
28 28 0.001863 0.001863
28 29 0.001863 0.001863
28 30 0.001863 0.001863
28 31 0.001863 0.001863
28 32 0.001863 0.001863
28 33 0.001863 0.001863
28 34 0.001863 0.001863
28 35 0.001863 0.001863
28 36 0.001863 0.001863
28 37 0.001863 0.001863
28 38 0.001863 0.001863
28 39 0.001863 0.001863
28 40 0.001863 0.001863
28 41 0.001863 0.001863
28 42 0.001863 0.001863
28 43 0.001863 0.001863
28 44 0.001863 0.001863
28 45 0.001863 0.001863
28 46 0.001863 0.001863
28 47 0.001863 0.001863
28 48 0.001863 0.001863
28 49 0.001863 0.001863
28 50 0.001863 0.001863
29 0 0.001192 0.002410
29 1 0.001125 0.002655
29 2 0.001066 0.002981
29 3 0.001018 0.003387
29 4 0.000979 0.003887
29 5 0.000947 0.004499
29 6 0.000921 0.005245
29 7 0.000899 0.006152
29 8 0.000882 0.007253
29 9 0.000867 0.008588
29 10 0.000855 0.010206
29 11 0.000846 0.012164
29 12 0.000838 0.014533
29 13 0.000831 0.017400
29 14 0.000826 0.020869
29 15 0.000821 0.025064
29 16 0.000818 0.030138
29 17 0.000814 0.036275
29 18 0.000812 0.043697
29 19 0.000810 0.052673
29 20 0.000808 0.063528
29 21 0.000807 0.076655
29 22 0.000806 0.092530
29 23 0.000805 0.111728
29 24 0.463439 0.124129
29 25 0.177636 0.004125
29 26 0.001883 0.001864
29 27 0.001863 0.001863
29 28 0.001863 0.001863
29 29 0.001863 0.001863
29 30 0.001863 0.001863
29 31 0.001863 0.001863
29 32 0.001863 0.001863
29 33 0.001863 0.001863
29 34 0.001863 0.001863
29 35 0.001863 0.001863
29 36 0.001863 0.001863
29 37 0.001863 0.001863
29 38 0.001863 0.001863
29 39 0.001863 0.001863
29 40 0.001863 0.001863
29 41 0.001863 0.001863
29 42 0.001863 0.001863
29 43 0.001863 0.001863
29 44 0.001863 0.001863
29 45 0.001863 0.001863
29 46 0.001863 0.001863
29 47 0.001863 0.001863
29 48 0.001863 0.001863
29 49 0.001863 0.001863
29 50 0.001863 0.001863
30 0 0.001192 0.002410
30 1 0.001125 0.002655
30 2 0.001066 0.002981
30 3 0.001018 0.003387
30 4 0.000979 0.003887
30 5 0.000947 0.004499
30 6 0.000921 0.005245
30 7 0.000899 0.006152
30 8 0.000882 0.007253
30 9 0.000867 0.008588
30 10 0.000855 0.010206
30 11 0.000846 0.012164
30 12 0.000838 0.014533
30 13 0.000831 0.017400
30 14 0.000826 0.020869
30 15 0.000821 0.025064
30 16 0.000818 0.030138
30 17 0.000814 0.036275
30 18 0.000812 0.043697
30 19 0.000810 0.052673
30 20 0.000808 0.063528
30 21 0.000807 0.076655
30 22 0.000806 0.092530
30 23 0.000805 0.111728
30 24 0.463439 0.124129
30 25 0.177636 0.004125
30 26 0.001883 0.001864
30 27 0.001863 0.001863
30 28 0.001863 0.001863
30 29 0.001863 0.001863
30 30 0.001863 0.001863
30 31 0.001863 0.001863
30 32 0.001863 0.001863
30 33 0.001863 0.001863
30 34 0.001863 0.001863
30 35 0.001863 0.001863
30 36 0.001863 0.001863
30 37 0.001863 0.001863
30 38 0.001863 0.001863
30 39 0.001863 0.001863
30 40 0.001863 0.001863
30 41 0.001863 0.001863
30 42 0.001863 0.001863
30 43 0.001863 0.001863
30 44 0.001863 0.001863
30 45 0.001863 0.001863
30 46 0.001863 0.001863
30 47 0.001863 0.001863
30 48 0.001863 0.001863
30 49 0.001863 0.001863
30 50 0.001863 0.001863
31 0 0.001192 0.002410
31 1 0.001125 0.002655
31 2 0.001066 0.002981
31 3 0.001018 0.003387
31 4 0.000979 0.003887
31 5 0.000947 0.004499
31 6 0.000921 0.005245
31 7 0.000899 0.006152
31 8 0.000882 0.007253
31 9 0.000867 0.008588
31 10 0.000855 0.010206
31 11 0.000846 0.012164
31 12 0.000838 0.014533
31 13 0.000831 0.017400
31 14 0.000826 0.020869
31 15 0.000821 0.025064
31 16 0.000818 0.030138
31 17 0.000814 0.036275
31 18 0.000812 0.043697
31 19 0.000810 0.052673
31 20 0.000808 0.063528
31 21 0.000807 0.076655
31 22 0.000806 0.092530
31 23 0.000805 0.111728
31 24 0.463439 0.124129
31 25 0.177636 0.004125
31 26 0.001883 0.001864
31 27 0.001863 0.001863
31 28 0.001863 0.001863
31 29 0.001863 0.001863
31 30 0.001863 0.001863
31 31 0.001863 0.001863
31 32 0.001863 0.001863
31 33 0.001863 0.001863
31 34 0.001863 0.001863
31 35 0.001863 0.001863
31 36 0.001863 0.001863
31 37 0.001863 0.001863
31 38 0.001863 0.001863
31 39 0.001863 0.001863
31 40 0.001863 0.001863
31 41 0.001863 0.001863
31 42 0.001863 0.001863
31 43 0.001863 0.001863
31 44 0.001863 0.001863
31 45 0.001863 0.001863
31 46 0.001863 0.001863
31 47 0.001863 0.001863
31 48 0.001863 0.001863
31 49 0.001863 0.001863
31 50 0.001863 0.001863
32 0 0.001192 0.002410
32 1 0.001125 0.002655
32 2 0.001066 0.002981
32 3 0.001018 0.003387
32 4 0.000979 0.003887
32 5 0.000947 0.004499
32 6 0.000921 0.005245
32 7 0.000899 0.006152
32 8 0.000882 0.007253
32 9 0.000867 0.008588
32 10 0.000855 0.010206
32 11 0.000846 0.012164
32 12 0.000838 0.014533
32 13 0.000831 0.017400
32 14 0.000826 0.020869
32 15 0.000821 0.025064
32 16 0.000818 0.030138
32 17 0.000814 0.036275
32 18 0.000812 0.043697
32 19 0.000810 0.052673
32 20 0.000808 0.063528
32 21 0.000807 0.076655
32 22 0.000806 0.092530
32 23 0.000805 0.111728
32 24 0.463439 0.124129
32 25 0.177636 0.004125
32 26 0.001883 0.001864
32 27 0.001863 0.001863
32 28 0.001863 0.001863
32 29 0.001863 0.001863
32 30 0.001863 0.001863
32 31 0.001863 0.001863
32 32 0.001863 0.001863
32 33 0.001863 0.001863
32 34 0.001863 0.001863
32 35 0.001863 0.001863
32 36 0.001863 0.001863
32 37 0.001863 0.001863
32 38 0.001863 0.001863
32 39 0.001863 0.001863
32 40 0.001863 0.001863
32 41 0.001863 0.001863
32 42 0.001863 0.001863
32 43 0.001863 0.001863
32 44 0.001863 0.001863
32 45 0.001863 0.001863
32 46 0.001863 0.001863
32 47 0.001863 0.001863
32 48 0.001863 0.001863
32 49 0.001863 0.001863
32 50 0.001863 0.001863
33 0 0.001192 0.002410
33 1 0.001125 0.002655
33 2 0.001066 0.002981
33 3 0.001018 0.003387
33 4 0.000979 0.003887
33 5 0.000947 0.004499
33 6 0.000921 0.005245
33 7 0.000899 0.006152
33 8 0.000882 0.007253
33 9 0.000867 0.008588
33 10 0.000855 0.010206
33 11 0.000846 0.012164
33 12 0.000838 0.014533
33 13 0.000831 0.017400
33 14 0.000826 0.020869
33 15 0.000821 0.025064
33 16 0.000818 0.030138
33 17 0.000814 0.036275
33 18 0.000812 0.043697
33 19 0.000810 0.052673
33 20 0.000808 0.063528
33 21 0.000807 0.076655
33 22 0.000806 0.092530
33 23 0.000805 0.111728
33 24 0.463439 0.124129
33 25 0.177636 0.004125
33 26 0.001883 0.001864
33 27 0.001863 0.001863
33 28 0.001863 0.001863
33 29 0.001863 0.001863
33 30 0.001863 0.001863
33 31 0.001863 0.001863
33 32 0.001863 0.001863
33 33 0.001863 0.001863
33 34 0.001863 0.001863
33 35 0.001863 0.001863
33 36 0.001863 0.001863
33 37 0.001863 0.001863
33 38 0.001863 0.001863
33 39 0.001863 0.001863
33 40 0.001863 0.001863
33 41 0.001863 0.001863
33 42 0.001863 0.001863
33 43 0.001863 0.001863
33 44 0.001863 0.001863
33 45 0.001863 0.001863
33 46 0.001863 0.001863
33 47 0.001863 0.001863
33 48 0.001863 0.001863
33 49 0.001863 0.001863
33 50 0.001863 0.001863
34 0 0.001192 0.002410
34 1 0.001125 0.002655
34 2 0.001066 0.002981
34 3 0.001018 0.003387
34 4 0.000979 0.003887
34 5 0.000947 0.004499
34 6 0.000921 0.005245
34 7 0.000899 0.006152
34 8 0.000882 0.007253
34 9 0.000867 0.008588
34 10 0.000855 0.010206
34 11 0.000846 0.012164
34 12 0.000838 0.014533
34 13 0.000831 0.017400
34 14 0.000826 0.020869
34 15 0.000821 0.025064
34 16 0.000818 0.030138
34 17 0.000814 0.036275
34 18 0.000812 0.043697
34 19 0.000810 0.052673
34 20 0.000808 0.063528
34 21 0.000807 0.076655
34 22 0.000806 0.092530
34 23 0.000805 0.111728
34 24 0.463439 0.124129
34 25 0.177636 0.004125
34 26 0.001883 0.001864
34 27 0.001863 0.001863
34 28 0.001863 0.001863
34 29 0.001863 0.001863
34 30 0.001863 0.001863
34 31 0.001863 0.001863
34 32 0.001863 0.001863
34 33 0.001863 0.001863
34 34 0.001863 0.001863
34 35 0.001863 0.001863
34 36 0.001863 0.001863
34 37 0.001863 0.001863
34 38 0.001863 0.001863
34 39 0.001863 0.001863
34 40 0.001863 0.001863
34 41 0.001863 0.001863
34 42 0.001863 0.001863
34 43 0.001863 0.001863
34 44 0.001863 0.001863
34 45 0.001863 0.001863
34 46 0.001863 0.001863
34 47 0.001863 0.001863
34 48 0.001863 0.001863
34 49 0.001863 0.001863
34 50 0.001863 0.001863
35 0 0.001192 0.002410
35 1 0.001125 0.002655
35 2 0.001066 0.002981
35 3 0.001018 0.003387
35 4 0.000979 0.003887
35 5 0.000947 0.004499
35 6 0.000921 0.005245
35 7 0.000899 0.006152
35 8 0.000882 0.007253
35 9 0.000867 0.008588
35 10 0.000855 0.010206
35 11 0.000846 0.012164
35 12 0.000838 0.014533
35 13 0.000831 0.017400
35 14 0.000826 0.020869
35 15 0.000821 0.025064
35 16 0.000818 0.030138
35 17 0.000814 0.036275
35 18 0.000812 0.043697
35 19 0.000810 0.052673
35 20 0.000808 0.063528
35 21 0.000807 0.076655
35 22 0.000806 0.092530
35 23 0.000805 0.111728
35 24 0.463439 0.124129
35 25 0.177636 0.004125
35 26 0.001883 0.001864
35 27 0.001863 0.001863
35 28 0.001863 0.001863
35 29 0.001863 0.001863
35 30 0.001863 0.001863
35 31 0.001863 0.001863
35 32 0.001863 0.001863
35 33 0.001863 0.001863
35 34 0.001863 0.001863
35 35 0.001863 0.001863
35 36 0.001863 0.001863
35 37 0.001863 0.001863
35 38 0.001863 0.001863
35 39 0.001863 0.001863
35 40 0.001863 0.001863
35 41 0.001863 0.001863
35 42 0.001863 0.001863
35 43 0.001863 0.001863
35 44 0.001863 0.001863
35 45 0.001863 0.001863
35 46 0.001863 0.001863
35 47 0.001863 0.001863
35 48 0.001863 0.001863
35 49 0.001863 0.001863
35 50 0.001863 0.001863
36 0 0.001192 0.002410
36 1 0.001125 0.002655
36 2 0.001066 0.002981
36 3 0.001018 0.003387
36 4 0.000979 0.003887
36 5 0.000947 0.004499
36 6 0.000921 0.005245
36 7 0.000899 0.006152
36 8 0.000882 0.007253
36 9 0.000867 0.008588
36 10 0.000855 0.010206
36 11 0.000846 0.012164
36 12 0.000838 0.014533
36 13 0.000831 0.017400
36 14 0.000826 0.020869
36 15 0.000821 0.025064
36 16 0.000818 0.030138
36 17 0.000814 0.036275
36 18 0.000812 0.043697
36 19 0.000810 0.052673
36 20 0.000808 0.063528
36 21 0.000807 0.076655
36 22 0.000806 0.092530
36 23 0.000805 0.111728
36 24 0.463439 0.124129
36 25 0.177636 0.004125
36 26 0.001883 0.001864
36 27 0.001863 0.001863
36 28 0.001863 0.001863
36 29 0.001863 0.001863
36 30 0.001863 0.001863
36 31 0.001863 0.001863
36 32 0.001863 0.001863
36 33 0.001863 0.001863
36 34 0.001863 0.001863
36 35 0.001863 0.001863
36 36 0.001863 0.001863
36 37 0.001863 0.001863
36 38 0.001863 0.001863
36 39 0.001863 0.001863
36 40 0.001863 0.001863
36 41 0.001863 0.001863
36 42 0.001863 0.001863
36 43 0.001863 0.001863
36 44 0.001863 0.001863
36 45 0.001863 0.001863
36 46 0.001863 0.001863
36 47 0.001863 0.001863
36 48 0.001863 0.001863
36 49 0.001863 0.001863
36 50 0.001863 0.001863
37 0 0.001192 0.002410
37 1 0.001125 0.002655
37 2 0.001066 0.002981
37 3 0.001018 0.003387
37 4 0.000979 0.003887
37 5 0.000947 0.004499
37 6 0.000921 0.005245
37 7 0.000899 0.006152
37 8 0.000882 0.007253
37 9 0.000867 0.008588
37 10 0.000855 0.010206
37 11 0.000846 0.012164
37 12 0.000838 0.014533
37 13 0.000831 0.017400
37 14 0.000826 0.020869
37 15 0.000821 0.025064
37 16 0.000818 0.030138
37 17 0.000814 0.036275
37 18 0.000812 0.043697
37 19 0.000810 0.052673
37 20 0.000808 0.063528
37 21 0.000807 0.076655
37 22 0.000806 0.092530
37 23 0.000805 0.111728
37 24 0.463439 0.124129
37 25 0.177636 0.004125
37 26 0.001883 0.001864
37 27 0.001863 0.001863
37 28 0.001863 0.001863
37 29 0.001863 0.001863
37 30 0.001863 0.001863
37 31 0.001863 0.001863
37 32 0.001863 0.001863
37 33 0.001863 0.001863
37 34 0.001863 0.001863
37 35 0.001863 0.001863
37 36 0.001863 0.001863
37 37 0.001863 0.001863
37 38 0.001863 0.001863
37 39 0.001863 0.001863
37 40 0.001863 0.001863
37 41 0.001863 0.001863
37 42 0.001863 0.001863
37 43 0.001863 0.001863
37 44 0.001863 0.001863
37 45 0.001863 0.001863
37 46 0.001863 0.001863
37 47 0.001863 0.001863
37 48 0.001863 0.001863
37 49 0.001863 0.001863
37 50 0.001863 0.001863
38 0 0.001192 0.002410
38 1 0.001125 0.002655
38 2 0.001066 0.002981
38 3 0.001018 0.003387
38 4 0.000979 0.003887
38 5 0.000947 0.004499
38 6 0.000921 0.005245
38 7 0.000899 0.006152
38 8 0.000882 0.007253
38 9 0.000867 0.008588
38 10 0.000855 0.010206
38 11 0.000846 0.012164
38 12 0.000838 0.014533
38 13 0.000831 0.017400
38 14 0.000826 0.020869
38 15 0.000821 0.025064
38 16 0.000818 0.030138
38 17 0.000814 0.036275
38 18 0.000812 0.043697
38 19 0.000810 0.052673
38 20 0.000808 0.063528
38 21 0.000807 0.076655
38 22 0.000806 0.092530
38 23 0.000805 0.111728
38 24 0.463439 0.124129
38 25 0.177636 0.004125
38 26 0.001883 0.001864
38 27 0.001863 0.001863
38 28 0.001863 0.001863
38 29 0.001863 0.001863
38 30 0.001863 0.001863
38 31 0.001863 0.001863
38 32 0.001863 0.001863
38 33 0.001863 0.001863
38 34 0.001863 0.001863
38 35 0.001863 0.001863
38 36 0.001863 0.001863
38 37 0.001863 0.001863
38 38 0.001863 0.001863
38 39 0.001863 0.001863
38 40 0.001863 0.001863
38 41 0.001863 0.001863
38 42 0.001863 0.001863
38 43 0.001863 0.001863
38 44 0.001863 0.001863
38 45 0.001863 0.001863
38 46 0.001863 0.001863
38 47 0.001863 0.001863
38 48 0.001863 0.001863
38 49 0.001863 0.001863
38 50 0.001863 0.001863
39 0 0.001192 0.002410
39 1 0.001125 0.002655
39 2 0.001066 0.002981
39 3 0.001018 0.003387
39 4 0.000979 0.003887
39 5 0.000947 0.004499
39 6 0.000921 0.005245
39 7 0.000899 0.006152
39 8 0.000882 0.007253
39 9 0.000867 0.008588
39 10 0.000855 0.010206
39 11 0.000846 0.012164
39 12 0.000838 0.014533
39 13 0.000831 0.017400
39 14 0.000826 0.020869
39 15 0.000821 0.025064
39 16 0.000818 0.030138
39 17 0.000814 0.036275
39 18 0.000812 0.043697
39 19 0.000810 0.052673
39 20 0.000808 0.063528
39 21 0.000807 0.076655
39 22 0.000806 0.092530
39 23 0.000805 0.111728
39 24 0.463439 0.124129
39 25 0.177636 0.004125
39 26 0.001883 0.001864
39 27 0.001863 0.001863
39 28 0.001863 0.001863
39 29 0.001863 0.001863
39 30 0.001863 0.001863
39 31 0.001863 0.001863
39 32 0.001863 0.001863
39 33 0.001863 0.001863
39 34 0.001863 0.001863
39 35 0.001863 0.001863
39 36 0.001863 0.001863
39 37 0.001863 0.001863
39 38 0.001863 0.001863
39 39 0.001863 0.001863
39 40 0.001863 0.001863
39 41 0.001863 0.001863
39 42 0.001863 0.001863
39 43 0.001863 0.001863
39 44 0.001863 0.001863
39 45 0.001863 0.001863
39 46 0.001863 0.001863
39 47 0.001863 0.001863
39 48 0.001863 0.001863
39 49 0.001863 0.001863
39 50 0.001863 0.001863
40 0 0.001192 0.002410
40 1 0.001125 0.002655
40 2 0.001066 0.002981
40 3 0.001018 0.003387
40 4 0.000979 0.003887
40 5 0.000947 0.004499
40 6 0.000921 0.005245
40 7 0.000899 0.006152
40 8 0.000882 0.007253
40 9 0.000867 0.008588
40 10 0.000855 0.010206
40 11 0.000846 0.012164
40 12 0.000838 0.014533
40 13 0.000831 0.017400
40 14 0.000826 0.020869
40 15 0.000821 0.025064
40 16 0.000818 0.030138
40 17 0.000814 0.036275
40 18 0.000812 0.043697
40 19 0.000810 0.052673
40 20 0.000808 0.063528
40 21 0.000807 0.076655
40 22 0.000806 0.092530
40 23 0.000805 0.111728
40 24 0.463439 0.124129
40 25 0.177636 0.004125
40 26 0.001883 0.001864
40 27 0.001863 0.001863
40 28 0.001863 0.001863
40 29 0.001863 0.001863
40 30 0.001863 0.001863
40 31 0.001863 0.001863
40 32 0.001863 0.001863
40 33 0.001863 0.001863
40 34 0.001863 0.001863
40 35 0.001863 0.001863
40 36 0.001863 0.001863
40 37 0.001863 0.001863
40 38 0.001863 0.001863
40 39 0.001863 0.001863
40 40 0.001863 0.001863
40 41 0.001863 0.001863
40 42 0.001863 0.001863
40 43 0.001863 0.001863
40 44 0.001863 0.001863
40 45 0.001863 0.001863
40 46 0.001863 0.001863
40 47 0.001863 0.001863
40 48 0.001863 0.001863
40 49 0.001863 0.001863
40 50 0.001863 0.001863
41 0 0.001192 0.002410
41 1 0.001125 0.002655
41 2 0.001066 0.002981
41 3 0.001018 0.003387
41 4 0.000979 0.003887
41 5 0.000947 0.004499
41 6 0.000921 0.005245
41 7 0.000899 0.006152
41 8 0.000882 0.007253
41 9 0.000867 0.008588
41 10 0.000855 0.010206
41 11 0.000846 0.012164
41 12 0.000838 0.014533
41 13 0.000831 0.017400
41 14 0.000826 0.020869
41 15 0.000821 0.025064
41 16 0.000818 0.030138
41 17 0.000814 0.036275
41 18 0.000812 0.043697
41 19 0.000810 0.052673
41 20 0.000808 0.063528
41 21 0.000807 0.076655
41 22 0.000806 0.092530
41 23 0.000805 0.111728
41 24 0.463439 0.124129
41 25 0.177636 0.004125
41 26 0.001883 0.001864
41 27 0.001863 0.001863
41 28 0.001863 0.001863
41 29 0.001863 0.001863
41 30 0.001863 0.001863
41 31 0.001863 0.001863
41 32 0.001863 0.001863
41 33 0.001863 0.001863
41 34 0.001863 0.001863
41 35 0.001863 0.001863
41 36 0.001863 0.001863
41 37 0.001863 0.001863
41 38 0.001863 0.001863
41 39 0.001863 0.001863
41 40 0.001863 0.001863
41 41 0.001863 0.001863
41 42 0.001863 0.001863
41 43 0.001863 0.001863
41 44 0.001863 0.001863
41 45 0.001863 0.001863
41 46 0.001863 0.001863
41 47 0.001863 0.001863
41 48 0.001863 0.001863
41 49 0.001863 0.001863
41 50 0.001863 0.001863
42 0 0.001192 0.002410
42 1 0.001125 0.002655
42 2 0.001066 0.002981
42 3 0.001018 0.003387
42 4 0.000979 0.003887
42 5 0.000947 0.004499
42 6 0.000921 0.005245
42 7 0.000899 0.006152
42 8 0.000882 0.007253
42 9 0.000867 0.008588
42 10 0.000855 0.010206
42 11 0.000846 0.012164
42 12 0.000838 0.014533
42 13 0.000831 0.017400
42 14 0.000826 0.020869
42 15 0.000821 0.025064
42 16 0.000818 0.030138
42 17 0.000814 0.036275
42 18 0.000812 0.043697
42 19 0.000810 0.052673
42 20 0.000808 0.063528
42 21 0.000807 0.076655
42 22 0.000806 0.092530
42 23 0.000805 0.111728
42 24 0.463439 0.124129
42 25 0.177636 0.004125
42 26 0.001883 0.001864
42 27 0.001863 0.001863
42 28 0.001863 0.001863
42 29 0.001863 0.001863
42 30 0.001863 0.001863
42 31 0.001863 0.001863
42 32 0.001863 0.001863
42 33 0.001863 0.001863
42 34 0.001863 0.001863
42 35 0.001863 0.001863
42 36 0.001863 0.001863
42 37 0.001863 0.001863
42 38 0.001863 0.001863
42 39 0.001863 0.001863
42 40 0.001863 0.001863
42 41 0.001863 0.001863
42 42 0.001863 0.001863
42 43 0.001863 0.001863
42 44 0.001863 0.001863
42 45 0.001863 0.001863
42 46 0.001863 0.001863
42 47 0.001863 0.001863
42 48 0.001863 0.001863
42 49 0.001863 0.001863
42 50 0.001863 0.001863
43 0 0.001192 0.002410
43 1 0.001125 0.002655
43 2 0.001066 0.002981
43 3 0.001018 0.003387
43 4 0.000979 0.003887
43 5 0.000947 0.004499
43 6 0.000921 0.005245
43 7 0.000899 0.006152
43 8 0.000882 0.007253
43 9 0.000867 0.008588
43 10 0.000855 0.010206
43 11 0.000846 0.012164
43 12 0.000838 0.014533
43 13 0.000831 0.017400
43 14 0.000826 0.020869
43 15 0.000821 0.025064
43 16 0.000818 0.030138
43 17 0.000814 0.036275
43 18 0.000812 0.043697
43 19 0.000810 0.052673
43 20 0.000808 0.063528
43 21 0.000807 0.076655
43 22 0.000806 0.092530
43 23 0.000805 0.111728
43 24 0.463439 0.124129
43 25 0.177636 0.004125
43 26 0.001883 0.001864
43 27 0.001863 0.001863
43 28 0.001863 0.001863
43 29 0.001863 0.001863
43 30 0.001863 0.001863
43 31 0.001863 0.001863
43 32 0.001863 0.001863
43 33 0.001863 0.001863
43 34 0.001863 0.001863
43 35 0.001863 0.001863
43 36 0.001863 0.001863
43 37 0.001863 0.001863
43 38 0.001863 0.001863
43 39 0.001863 0.001863
43 40 0.001863 0.001863
43 41 0.001863 0.001863
43 42 0.001863 0.001863
43 43 0.001863 0.001863
43 44 0.001863 0.001863
43 45 0.001863 0.001863
43 46 0.001863 0.001863
43 47 0.001863 0.001863
43 48 0.001863 0.001863
43 49 0.001863 0.001863
43 50 0.001863 0.001863
44 0 0.001192 0.002410
44 1 0.001125 0.002655
44 2 0.001066 0.002981
44 3 0.001018 0.003387
44 4 0.000979 0.003887
44 5 0.000947 0.004499
44 6 0.000921 0.005245
44 7 0.000899 0.006152
44 8 0.000882 0.007253
44 9 0.000867 0.008588
44 10 0.000855 0.010206
44 11 0.000846 0.012164
44 12 0.000838 0.014533
44 13 0.000831 0.017400
44 14 0.000826 0.020869
44 15 0.000821 0.025064
44 16 0.000818 0.030138
44 17 0.000814 0.036275
44 18 0.000812 0.043697
44 19 0.000810 0.052673
44 20 0.000808 0.063528
44 21 0.000807 0.076655
44 22 0.000806 0.092530
44 23 0.000805 0.111728
44 24 0.463439 0.124129
44 25 0.177636 0.004125
44 26 0.001883 0.001864
44 27 0.001863 0.001863
44 28 0.001863 0.001863
44 29 0.001863 0.001863
44 30 0.001863 0.001863
44 31 0.001863 0.001863
44 32 0.001863 0.001863
44 33 0.001863 0.001863
44 34 0.001863 0.001863
44 35 0.001863 0.001863
44 36 0.001863 0.001863
44 37 0.001863 0.001863
44 38 0.001863 0.001863
44 39 0.001863 0.001863
44 40 0.001863 0.001863
44 41 0.001863 0.001863
44 42 0.001863 0.001863
44 43 0.001863 0.001863
44 44 0.001863 0.001863
44 45 0.001863 0.001863
44 46 0.001863 0.001863
44 47 0.001863 0.001863
44 48 0.001863 0.001863
44 49 0.001863 0.001863
44 50 0.001863 0.001863
45 0 0.001192 0.002410
45 1 0.001125 0.002655
45 2 0.001066 0.002981
45 3 0.001018 0.003387
45 4 0.000979 0.003887
45 5 0.000947 0.004499
45 6 0.000921 0.005245
45 7 0.000899 0.006152
45 8 0.000882 0.007253
45 9 0.000867 0.008588
45 10 0.000855 0.010206
45 11 0.000846 0.012164
45 12 0.000838 0.014533
45 13 0.000831 0.017400
45 14 0.000826 0.020869
45 15 0.000821 0.025064
45 16 0.000818 0.030138
45 17 0.000814 0.036275
45 18 0.000812 0.043697
45 19 0.000810 0.052673
45 20 0.000808 0.063528
45 21 0.000807 0.076655
45 22 0.000806 0.092530
45 23 0.000805 0.111728
45 24 0.463439 0.124129
45 25 0.177636 0.004125
45 26 0.001883 0.001864
45 27 0.001863 0.001863
45 28 0.001863 0.001863
45 29 0.001863 0.001863
45 30 0.001863 0.001863
45 31 0.001863 0.001863
45 32 0.001863 0.001863
45 33 0.001863 0.001863
45 34 0.001863 0.001863
45 35 0.001863 0.001863
45 36 0.001863 0.001863
45 37 0.001863 0.001863
45 38 0.001863 0.001863
45 39 0.001863 0.001863
45 40 0.001863 0.001863
45 41 0.001863 0.001863
45 42 0.001863 0.001863
45 43 0.001863 0.001863
45 44 0.001863 0.001863
45 45 0.001863 0.001863
45 46 0.001863 0.001863
45 47 0.001863 0.001863
45 48 0.001863 0.001863
45 49 0.001863 0.001863
45 50 0.001863 0.001863
46 0 0.001192 0.002410
46 1 0.001125 0.002655
46 2 0.001066 0.002981
46 3 0.001018 0.003387
46 4 0.000979 0.003887
46 5 0.000947 0.004499
46 6 0.000921 0.005245
46 7 0.000899 0.006152
46 8 0.000882 0.007253
46 9 0.000867 0.008588
46 10 0.000855 0.010206
46 11 0.000846 0.012164
46 12 0.000838 0.014533
46 13 0.000831 0.017400
46 14 0.000826 0.020869
46 15 0.000821 0.025064
46 16 0.000818 0.030138
46 17 0.000814 0.036275
46 18 0.000812 0.043697
46 19 0.000810 0.052673
46 20 0.000808 0.063528
46 21 0.000807 0.076655
46 22 0.000806 0.092530
46 23 0.000805 0.111728
46 24 0.463439 0.124129
46 25 0.177636 0.004125
46 26 0.001883 0.001864
46 27 0.001863 0.001863
46 28 0.001863 0.001863
46 29 0.001863 0.001863
46 30 0.001863 0.001863
46 31 0.001863 0.001863
46 32 0.001863 0.001863
46 33 0.001863 0.001863
46 34 0.001863 0.001863
46 35 0.001863 0.001863
46 36 0.001863 0.001863
46 37 0.001863 0.001863
46 38 0.001863 0.001863
46 39 0.001863 0.001863
46 40 0.001863 0.001863
46 41 0.001863 0.001863
46 42 0.001863 0.001863
46 43 0.001863 0.001863
46 44 0.001863 0.001863
46 45 0.001863 0.001863
46 46 0.001863 0.001863
46 47 0.001863 0.001863
46 48 0.001863 0.001863
46 49 0.001863 0.001863
46 50 0.001863 0.001863
47 0 0.001192 0.002410
47 1 0.001125 0.002655
47 2 0.001066 0.002981
47 3 0.001018 0.003387
47 4 0.000979 0.003887
47 5 0.000947 0.004499
47 6 0.000921 0.005245
47 7 0.000899 0.006152
47 8 0.000882 0.007253
47 9 0.000867 0.008588
47 10 0.000855 0.010206
47 11 0.000846 0.012164
47 12 0.000838 0.014533
47 13 0.000831 0.017400
47 14 0.000826 0.020869
47 15 0.000821 0.025064
47 16 0.000818 0.030138
47 17 0.000814 0.036275
47 18 0.000812 0.043697
47 19 0.000810 0.052673
47 20 0.000808 0.063528
47 21 0.000807 0.076655
47 22 0.000806 0.092530
47 23 0.000805 0.111728
47 24 0.463439 0.124129
47 25 0.177637 0.004126
47 26 0.001883 0.001864
47 27 0.001863 0.001863
47 28 0.001863 0.001863
47 29 0.001863 0.001863
47 30 0.001863 0.001863
47 31 0.001863 0.001863
47 32 0.001863 0.001863
47 33 0.001863 0.001863
47 34 0.001863 0.001863
47 35 0.001863 0.001863
47 36 0.001863 0.001863
47 37 0.001863 0.001863
47 38 0.001863 0.001863
47 39 0.001863 0.001863
47 40 0.001863 0.001863
47 41 0.001863 0.001863
47 42 0.001863 0.001863
47 43 0.001863 0.001863
47 44 0.001863 0.001863
47 45 0.001863 0.001863
47 46 0.001863 0.001863
47 47 0.001863 0.001863
47 48 0.001863 0.001863
47 49 0.001863 0.001863
47 50 0.001863 0.001863
48 0 0.001192 0.002410
48 1 0.001125 0.002655
48 2 0.001066 0.002981
48 3 0.001018 0.003387
48 4 0.000979 0.003887
48 5 0.000947 0.004499
48 6 0.000921 0.005245
48 7 0.000899 0.006152
48 8 0.000882 0.007253
48 9 0.000867 0.008588
48 10 0.000855 0.010206
48 11 0.000846 0.012164
48 12 0.000838 0.014533
48 13 0.000831 0.017400
48 14 0.000826 0.020869
48 15 0.000821 0.025064
48 16 0.000818 0.030138
48 17 0.000814 0.036275
48 18 0.000812 0.043697
48 19 0.000810 0.052673
48 20 0.000808 0.063528
48 21 0.000807 0.076655
48 22 0.000806 0.092530
48 23 0.000805 0.111728
48 24 0.463426 0.124130
48 25 0.177667 0.004126
48 26 0.001883 0.001864
48 27 0.001863 0.001863
48 28 0.001863 0.001863
48 29 0.001863 0.001863
48 30 0.001863 0.001863
48 31 0.001863 0.001863
48 32 0.001863 0.001863
48 33 0.001863 0.001863
48 34 0.001863 0.001863
48 35 0.001863 0.001863
48 36 0.001863 0.001863
48 37 0.001863 0.001863
48 38 0.001863 0.001863
48 39 0.001863 0.001863
48 40 0.001863 0.001863
48 41 0.001863 0.001863
48 42 0.001863 0.001863
48 43 0.001863 0.001863
48 44 0.001863 0.001863
48 45 0.001863 0.001863
48 46 0.001863 0.001863
48 47 0.001863 0.001863
48 48 0.001863 0.001863
48 49 0.001863 0.001863
48 50 0.001863 0.001863
49 0 0.001192 0.002410
49 1 0.001125 0.002655
49 2 0.001066 0.002981
49 3 0.001018 0.003387
49 4 0.000979 0.003887
49 5 0.000947 0.004498
49 6 0.000921 0.005245
49 7 0.000899 0.006152
49 8 0.000882 0.007253
49 9 0.000867 0.008588
49 10 0.000855 0.010205
49 11 0.000846 0.012163
49 12 0.000838 0.014532
49 13 0.000831 0.017399
49 14 0.000826 0.020867
49 15 0.000821 0.025062
49 16 0.000818 0.030136
49 17 0.000814 0.036273
49 18 0.000812 0.043694
49 19 0.000810 0.052669
49 20 0.000808 0.063523
49 21 0.000807 0.076649
49 22 0.000806 0.092522
49 23 0.000805 0.111719
49 24 0.462935 0.124157
49 25 0.178785 0.004140
49 26 0.001883 0.001864
49 27 0.001863 0.001863
49 28 0.001863 0.001863
49 29 0.001863 0.001863
49 30 0.001863 0.001863
49 31 0.001863 0.001863
49 32 0.001863 0.001863
49 33 0.001863 0.001863
49 34 0.001863 0.001863
49 35 0.001863 0.001863
49 36 0.001863 0.001863
49 37 0.001863 0.001863
49 38 0.001863 0.001863
49 39 0.001863 0.001863
49 40 0.001863 0.001863
49 41 0.001863 0.001863
49 42 0.001863 0.001863
49 43 0.001863 0.001863
49 44 0.001863 0.001863
49 45 0.001863 0.001863
49 46 0.001863 0.001863
49 47 0.001863 0.001863
49 48 0.001863 0.001863
49 49 0.001863 0.001863
49 50 0.001863 0.001863
50 0 0.001192 0.002412
50 1 0.001125 0.002652
50 2 0.001066 0.002978
50 3 0.001018 0.003383
50 4 0.000979 0.003882
50 5 0.000947 0.004493
50 6 0.000921 0.005238
50 7 0.000899 0.006144
50 8 0.000882 0.007243
50 9 0.000867 0.008576
50 10 0.000856 0.010191
50 11 0.000846 0.012146
50 12 0.000838 0.014512
50 13 0.000831 0.017374
50 14 0.000826 0.020837
50 15 0.000821 0.025026
50 16 0.000818 0.030092
50 17 0.000815 0.036220
50 18 0.000812 0.043630
50 19 0.000810 0.052592
50 20 0.000808 0.063431
50 21 0.000807 0.076537
50 22 0.000806 0.092388
50 23 0.000805 0.111557
50 24 0.453919 0.124645
50 25 0.199552 0.004410
50 26 0.001886 0.001864
50 27 0.001863 0.001863
50 28 0.001863 0.001863
50 29 0.001863 0.001863
50 30 0.001863 0.001863
50 31 0.001863 0.001863
50 32 0.001863 0.001863
50 33 0.001863 0.001863
50 34 0.001863 0.001863
50 35 0.001863 0.001863
50 36 0.001863 0.001863
50 37 0.001863 0.001863
50 38 0.001863 0.001863
50 39 0.001863 0.001863
50 40 0.001863 0.001863
50 41 0.001863 0.001863
50 42 0.001863 0.001863
50 43 0.001863 0.001863
50 44 0.001863 0.001863
50 45 0.001863 0.001863
50 46 0.001863 0.001863
50 47 0.001863 0.001863
50 48 0.001863 0.001863
50 49 0.001863 0.001863
50 50 0.001863 0.001863
